SIZES
  narena                14680064
  nbuffer               87376
  nplugin               0
  maxuse_stack          16864
  maxuse_arena          57080
  maxuse_con            12
  maxuse_efc            48
  solver_nisland        1
  ne                    0
  nf                    0
  nl                    0
  nefc                  20
  nnzJ                  460
  ncon                  5
  nisland               0
  threadpool            0

TIMER
    0:  duration =  0          number = 0
    1:  duration =  1.8        number = 10
    2:  duration =  0          number = 0
    3:  duration =  1.3        number = 10
    4:  duration =  0.09       number = 10
    5:  duration =  0.029      number = 10
    6:  duration =  0.27       number = 10
    7:  duration =  0          number = 0
    8:  duration =  0.26       number = 10
    9:  duration =  0.06       number = 10
    10:  duration =  0.82       number = 10
    11:  duration =  0.16       number = 10
    12:  duration =  0.0026     number = 10
    13:  duration =  0.23       number = 10
    14:  duration =  0.51       number = 10

SOLVER STAT
  solver_nisland = 1
  solver_fwdinv =   0         0       
ENERGY =   0         0       

TIME =  5       

QPOS
  -0.079   
  -0.0095  
   0.24    
   0.99    
  -0.0012  
   0.11    
   0.04    
   0.85    
   9.6e-05 
  -0.0043  
   0.99    
  -0.18    
  -0.5     
   0.92    
   1       
  -0.12    
  -0.48    
   0.94    
  -0.0062  
  -0.0024  
  -0.58    
  -0.0057  
  -0.0017  
  -0.56    

QVEL
  -0.01    
   0.00017 
  -0.0014  
  -0.0041  
  -0.0028  
   0.0035  
  -0.016   
   0.00011 
  -0.0081  
   0.012   
  -0.0045  
   0.039   
   0.028   
   0.013   
  -0.0042  
   0.044   
   0.027   
   0.0048  
  -0.00014 
   0.0052  
  -0.0032  
  -0.00069 
  -0.0016  

QACC_WARMSTART
   0.003   
   0.00019 
  -0.00082 
  -0.00061 
   0.0011  
   0.00043 
   0.0094  
   1.4e-05 
  -0.0023  
  -0.0095  
  -0.0011  
  -0.0056  
  -0.0052  
  -0.0093  
  -0.003   
  -0.0027  
  -0.0046  
   0.011   
   0.0013  
   0.007   
   0.00054 
   4.4e-05 
  -0.00058 

CTRL
   0       
   0       
   0       
   0       
   0       
   0       
   0       
   0       
   0       
   0       
   0       
   0       
   0       
   0       
   0       
   0       
   0       

QFRC_APPLIED
   0       
   0       
   0       
   0       
   0       
   0       
   0       
   0       
   0       
   0       
   0       
   0       
   0       
   0       
   0       
   0       
   0       
   0       
   0       
   0       
   0       
   0       
   0       

XFRC_APPLIED
   0         0         0         0         0         0       
   0         0         0         0         0         0       
   0         0         0         0         0         0       
   0         0         0         0         0         0       
   0         0         0         0         0         0       
   0         0         0         0         0         0       
   0         0         0         0         0         0       
   0         0         0         0         0         0       
   0         0         0         0         0         0       
   0         0         0         0         0         0       
   0         0         0         0         0         0       
   0         0         0         0         0         0       
   0         0         0         0         0         0       
   0         0         0         0         0         0       
   0         0         0         0         0         0       
   0         0         0         0         0         0       
   0         0         0         0         0         0       
   0         0         0         0         0         0       
   0         0         0         0         0         0       

QACC
   0.003   
   0.00019 
  -0.00082 
  -0.00061 
   0.0011  
   0.00043 
   0.0094  
   1.4e-05 
  -0.0023  
  -0.0095  
  -0.0011  
  -0.0056  
  -0.0052  
  -0.0093  
  -0.003   
  -0.0027  
  -0.0046  
   0.011   
   0.0013  
   0.007   
   0.00054 
   4.4e-05 
  -0.00058 

XPOS
   0         0         0       
  -0.079    -0.0095    0.24    
  -0.25     -0.023     0.27    
  -0.25     -0.024     0.28    
  -0.33     -0.03      0.39    
  -0.15     -0.085     0.25    
  -0.15     -0.098     0.25    
  -0.23     -0.12      0.17    
  -0.18     -0.13      0.015   
  -0.16      0.054     0.25    
  -0.16      0.067     0.25    
  -0.24      0.075     0.17    
  -0.19      0.089     0.015   
   0.073    -0.042     0.2     
   0.074    -0.054     0.2     
   0.048    -0.056     0.09    
   0.066     0.047     0.2     
   0.065     0.059     0.2     
   0.039     0.058     0.091   

XQUAT
   1         0         0         0       
   0.99     -0.0012    0.11      0.04    
   0.65     -0.21     -0.23      0.7     
   0.65     -0.21     -0.23      0.7     
   0.31     -0.6      -0.66      0.33    
   0.29      0.24      0.67     -0.64    
  -0.21      0.6       0.7      -0.34    
   0.13      0.62      0.77      0.063   
   0.63      0.08      0.19      0.75    
   0.25     -0.3       0.64      0.66    
  -0.23     -0.67      0.64      0.3     
   0.079     0.7       0.69      0.14    
   0.69      0.14      0.077     0.7     
  -0.7      -0.7      -0.11      0.052   
   0.08     -0.67     -0.73      0.08    
  -0.25     -0.63     -0.68     -0.27    
  -0.11      0.052     0.7       0.7     
  -0.11      0.68      0.73     -0.056   
   0.26      0.63      0.68      0.28    

XMAT
   1         0         0         0         1         0         0         0         1       
   0.97     -0.079     0.22      0.079     1         0.011    -0.22      0.0064    0.98    
  -0.079    -0.81     -0.59      1        -0.06     -0.052     0.0064   -0.59      0.81    
  -0.079    -0.81     -0.59      1        -0.06     -0.052     0.0063   -0.59      0.81    
  -0.079     0.59     -0.8       1         0.052    -0.06      0.0063   -0.81     -0.59    
  -0.72      0.69      0.079    -0.053     0.06     -1        -0.69     -0.72     -0.0064  
  -0.21      0.69     -0.69      0.97      0.06     -0.23     -0.12     -0.72     -0.68    
  -0.21      0.94      0.27      0.97      0.23     -0.057    -0.12      0.25     -0.96    
  -0.21     -0.91      0.36      0.97     -0.15      0.18     -0.12      0.38      0.92    
  -0.69     -0.72     -0.079    -0.051    -0.061     1        -0.72      0.69      0.0064  
  -0.0053   -0.72     -0.7      -1        -0.061     0.071    -0.094     0.69     -0.71    
   0.0054    0.95      0.31      1        -0.034     0.087     0.094     0.31     -0.95    
   0.0054   -0.95      0.31      1        -0.024    -0.091     0.094     0.31      0.95    
   0.97      0.22      0.079     0.079     0.012    -1        -0.22      0.97     -0.0064  
  -0.079     0.97     -0.22      1         0.079    -0.0093    0.0087   -0.22     -0.97    
  -0.079     0.72      0.69      1         0.051     0.061     0.0087    0.69     -0.73    
  -0.97      0.22     -0.079    -0.079     0.012     1         0.22      0.97      0.0064  
  -0.063     0.97     -0.23      0.99      0.079     0.062     0.078    -0.22     -0.97    
  -0.08      0.71      0.7       1         0.053     0.06      0.0047    0.71     -0.71    

XIPOS
   0         0         0       
  -0.06     -0.0083    0.23    
  -0.25     -0.023     0.28    
  -0.29     -0.027     0.34    
  -0.4      -0.036     0.33    
  -0.15     -0.092     0.25    
  -0.19     -0.11      0.21    
  -0.2      -0.13      0.094   
  -0.14     -0.11      0.12    
  -0.16      0.061     0.25    
  -0.2       0.071     0.21    
  -0.21      0.082     0.093   
  -0.15      0.079     0.13    
   0.073    -0.049     0.2     
   0.061    -0.055     0.15    
   0.079    -0.053     0.058   
   0.065     0.054     0.2     
   0.052     0.059     0.15    
   0.071     0.061     0.059   

XIMAT
   1         0         0         0         1         0         0         0         1       
   0.22      0.075     0.97      0.014    -1         0.074     0.98     -0.0024   -0.22    
  -0.21     -0.81     -0.55      0.96     -0.06     -0.28      0.19     -0.59      0.79    
  -0.08     -0.81     -0.59      1        -0.06     -0.052     0.0067   -0.59      0.81    
  -0.08      0.59     -0.8       1         0.052    -0.06      0.0063   -0.81     -0.59    
   0.69      0.72     -0.079    -0.17      0.053    -0.98     -0.7       0.69      0.16    
   0.34      0.63     -0.69      0.73     -0.65     -0.23     -0.59     -0.43     -0.68    
  -0.2       0.94      0.27      0.97      0.23     -0.058    -0.12      0.25     -0.96    
  -0.21     -0.91      0.36      0.97     -0.15      0.18     -0.12      0.38      0.92    
  -0.72      0.69      0.085     0.17      0.051     0.98      0.68      0.72     -0.15    
   0.5      -0.51     -0.7      -0.66     -0.75      0.07     -0.56      0.43     -0.71    
   0.0055    0.95      0.31      1        -0.034     0.087     0.093     0.31     -0.95    
   0.0054   -0.95      0.31      1        -0.024    -0.091     0.094     0.31      0.95    
   0.96      0.22     -0.14     -0.15      0.012    -0.99     -0.22      0.97      0.045   
  -0.74      0.63     -0.22      0.65      0.76     -0.01      0.16     -0.15     -0.97    
  -0.078     0.72      0.69      1         0.051     0.06      0.008     0.69     -0.73    
  -0.93      0.22     -0.3      -0.3       0.012     0.95      0.22      0.97      0.057   
   0.68      0.7      -0.22      0.72     -0.7      -0.014    -0.17     -0.15     -0.97    
  -0.15      0.69      0.7       0.99      0.16      0.059    -0.069     0.7      -0.71    

XANCHOR
  -0.079    -0.0095    0.24    
  -0.25     -0.023     0.27    
  -0.25     -0.024     0.28    
  -0.33     -0.03      0.39    
  -0.15     -0.085     0.25    
  -0.15     -0.098     0.25    
  -0.23     -0.12      0.17    
  -0.18     -0.13      0.015   
  -0.16      0.054     0.25    
  -0.16      0.067     0.25    
  -0.24      0.075     0.17    
  -0.19      0.089     0.015   
   0.073    -0.042     0.2     
   0.074    -0.054     0.2     
   0.048    -0.056     0.09    
   0.066     0.047     0.2     
   0.065     0.059     0.2     
   0.039     0.058     0.091   

XAXIS
   0         0         1       
   0.079    -1        -0.0064  
  -0.59     -0.052     0.81    
  -0.079     1         0.0063  
   0.079    -1        -0.0064  
   0.69      0.06     -0.72    
   0.21     -0.97      0.12    
   0.21     -0.97      0.12    
   0.079    -1        -0.0064  
  -0.72     -0.061     0.69    
  -0.0054   -1        -0.094   
  -0.0054   -1        -0.094   
   0.079    -1        -0.0064  
  -0.97     -0.079     0.22    
   0.079    -1        -0.0087  
   0.079    -1        -0.0064  
   0.97      0.079    -0.22    
   0.08     -1        -0.0047  

GEOM_XPOS
   0         0         0       
  -0.06     -0.0083    0.23    
  -0.25     -0.023     0.28    
  -0.3      -0.028     0.35    
  -0.38     -0.034     0.35    
  -0.15     -0.092     0.25    
  -0.19     -0.11      0.21    
  -0.2      -0.13      0.094   
  -0.15     -0.12      0.091   
  -0.16      0.061     0.25    
  -0.2       0.071     0.21    
  -0.21      0.082     0.093   
  -0.16      0.082     0.094   
   0.073    -0.049     0.2     
   0.061    -0.055     0.15    
   0.072    -0.053     0.065   
   0.065     0.054     0.2     
   0.052     0.059     0.15    
   0.064     0.06      0.066   

GEOM_XMAT
   1         0         0         0         1         0         0         0         1       
   0.22      0.075     0.97      0.014    -1         0.074     0.98     -0.0024   -0.22    
  -0.2      -0.81     -0.56      0.96     -0.06     -0.26      0.18     -0.59      0.79    
  -0.083    -0.81     -0.59      1        -0.06     -0.058     0.012    -0.59      0.81    
  -0.082     0.59     -0.8       1         0.052    -0.064     0.0042   -0.81     -0.59    
   0.69      0.72     -0.067    -0.15      0.053    -0.99     -0.71      0.69      0.14    
   0.34      0.63     -0.7       0.73     -0.65     -0.23     -0.6      -0.43     -0.68    
  -0.2       0.94      0.27      0.97      0.23     -0.064    -0.12      0.25     -0.96    
  -0.2      -0.91      0.36      0.97     -0.15      0.18     -0.11      0.38      0.92    
  -0.72      0.69      0.072     0.15      0.051     0.99      0.68      0.72     -0.14    
  -0.51      0.51     -0.69      0.66      0.75      0.066     0.55     -0.43     -0.72    
   0.0074    0.95      0.31      1        -0.034     0.081     0.087     0.31     -0.95    
   0.0062   -0.95      0.31      1        -0.024    -0.093     0.096     0.31      0.95    
   0.97      0.22     -0.13     -0.13      0.012    -0.99     -0.22      0.97      0.041   
   0.74     -0.63     -0.22     -0.65     -0.76     -0.014    -0.16      0.15     -0.98    
  -0.073     0.72      0.69      1         0.051     0.052     0.0024    0.69     -0.73    
  -0.93      0.22     -0.28     -0.29      0.012     0.96      0.22      0.97      0.053   
   0.71      0.66     -0.23      0.68     -0.74     -0.024    -0.18     -0.14     -0.97    
  -0.3       0.64      0.71      0.92      0.38      0.051    -0.23      0.67     -0.7     

CAM_XPOS
  -0.08     -3         1.2     

CAM_XMAT
   1         0         0         0         0.45     -0.89      0         0.89      0.45    

LIGHT_XPOS
   0         0         1.3     

LIGHT_XDIR
  -0         0        -1       

SUBTREE_COM
  -0.14     -0.015     0.17    
  -0.14     -0.015     0.17    
  -0.35     -0.032     0.33    
  -0.36     -0.032     0.33    
  -0.4      -0.036     0.33    
  -0.17     -0.12      0.14    
  -0.17     -0.12      0.14    
  -0.17     -0.12      0.11    
  -0.14     -0.11      0.12    
  -0.18      0.077     0.14    
  -0.18      0.078     0.14    
  -0.18      0.08      0.11    
  -0.15      0.079     0.13    
   0.07     -0.054     0.12    
   0.069    -0.054     0.11    
   0.079    -0.053     0.058   
   0.061     0.059     0.12    
   0.061     0.06      0.11    
   0.071     0.061     0.059   

CDOF
   0         0         0         1         0         0       
   0         0         0         0         1         0       
   0         0         0         0         0         1       
   0.97      0.079    -0.22     -0.0066    0.078    -0.00092 
  -0.079     1         0.0064   -0.066    -0.0057    0.062   
   0.22      0.011     0.98      0.005    -0.045    -0.00061 
   0.079    -1        -0.0064    0.1       0.0076    0.11    
  -0.59     -0.052     0.81     -0.00072   0.024     0.001   
  -0.079     1         0.0063   -0.22     -0.016    -0.19    
   0.079    -1        -0.0064    0.083     0.0065    0.013   
   0.69      0.06     -0.72      0.054     0.053     0.056   
   0.21     -0.97      0.12     -0.0079    0.011     0.11    
   0.21     -0.97      0.12     -0.16     -0.027     0.064   
   0.079    -1        -0.0064    0.083     0.0065    0.013   
  -0.72     -0.061     0.69      0.062    -0.047     0.06    
  -0.0054   -1        -0.094    -0.0061   -0.0093    0.099   
  -0.0054   -1        -0.094    -0.16     -0.0036    0.048   
   0.079    -1        -0.0064    0.033     0.004    -0.21    
  -0.97     -0.079     0.22     -0.0062   -0.08     -0.055   
   0.079    -1        -0.0087   -0.078    -0.0045   -0.18    
   0.079    -1        -0.0064    0.033     0.004    -0.21    
   0.97      0.079    -0.22     -0.019     0.079    -0.057   
   0.08     -1        -0.0047   -0.078    -0.0053   -0.18    

CINERT
   0         0         0         0         0         0         0         0         0         0       
   5.8e-06   1.9e-05   1.6e-05  -1.1e-06  -3.2e-06  -3e-07     7.9e-05   7e-06     6.1e-05   0.00098 
   6.6e-06   1.3e-05   6.6e-06  -4.4e-07   6.5e-06   4.4e-07  -6e-05    -4e-06     6e-05     0.00055 
   8.4e-05   0.00015   6.8e-05  -5.3e-06   7.5e-05   5.9e-06  -0.00043  -3.4e-05   0.00048   0.0028  
   0.00011   0.00041   0.0003   -2.3e-05   0.00017   1.3e-05  -0.0011   -8.5e-05   0.00067   0.0041  
   7.1e-06   3.9e-06   3.3e-06  -3e-07     3.2e-07   3.5e-06  -3.9e-06  -4.2e-05   4.6e-05   0.00055 
   3.3e-05   1.3e-05   3.3e-05  -1.3e-05   5.1e-06   1.2e-05  -0.00013  -0.00028   0.00013   0.0029  
   7.5e-05   4.1e-05   6.4e-05  -2.7e-05  -1.6e-05  -3.2e-05  -0.00024  -0.00043  -0.00028   0.0038  
   7.7e-05   3.3e-05   5e-05    -6.5e-07  -7.4e-06  -2.6e-05   9.8e-06  -0.00048  -0.00022   0.005   
   7.1e-06   4e-06     3.4e-06   7.8e-07   8.4e-07  -3.5e-06  -1e-05     4.2e-05   4.6e-05   0.00055 
   2.8e-05   1.7e-05   3.2e-05   1.5e-05   6.7e-06  -1.1e-05  -0.00017   0.00025   0.00013   0.0029  
   6.3e-05   4.7e-05   5.7e-05   2.7e-05  -2e-05     2.8e-05  -0.00028   0.00037  -0.00029   0.0038  
   7.5e-05   3.3e-05   4.8e-05   5.9e-06  -9.3e-06   2.1e-05  -5.5e-05   0.00047  -0.00021   0.005   
   1.2e-06   2.6e-05   2.6e-05   3.9e-06  -3.9e-06   6.1e-07   0.00012  -1.8e-05   1.8e-05   0.00055 
   7.6e-06   0.00012   0.00012   2.3e-05   1.3e-05  -2.6e-06   0.00058  -0.00012  -6.6e-05   0.0029  
   3.3e-05   0.00014   0.00012   1.9e-05   5.8e-05  -9.6e-06   0.00051  -8.7e-05  -0.00026   0.0023  
   3.3e-06   2.4e-05   2.6e-05  -7.8e-06  -3.8e-06  -1.3e-06   0.00011   3.8e-05   1.9e-05   0.00055 
   1.9e-05   0.00011   0.00012  -4.1e-05   1.2e-05   4.7e-06   0.00056   0.00021  -6.4e-05   0.0029  
   4.3e-05   0.00013   0.00012  -3.8e-05   5.5e-05   2e-05     0.0005    0.00018  -0.00026   0.0023  

ACTUATOR_LENGTH
   17      
   0.0019  
  -0.086   
   20      
  -3.5     
  -10      
   18      
   20      
  -2.4     
  -9.6     
   19      
  -0.12    
  -0.048   
  -12      
  -0.11    
  -0.034   
  -11      

ACTUATOR_MOMENT
   0         0         0         0         0         0         20        0         0         0         0         0         0         0         0         0         0         0         0         0         0         0         0       
   0         0         0         0         0         0         0         20        0         0         0         0         0         0         0         0         0         0         0         0         0         0         0       
   0         0         0         0         0         0         0         0         20        0         0         0         0         0         0         0         0         0         0         0         0         0         0       
   0         0         0         0         0         0         0         0         0         20        0         0         0         0         0         0         0         0         0         0         0         0         0       
   0         0         0         0         0         0         0         0         0         0         20        0         0         0         0         0         0         0         0         0         0         0         0       
   0         0         0         0         0         0         0         0         0         0         0         20        0         0         0         0         0         0         0         0         0         0         0       
   0         0         0         0         0         0         0         0         0         0         0         0         20        0         0         0         0         0         0         0         0         0         0       
   0         0         0         0         0         0         0         0         0         0         0         0         0         20        0         0         0         0         0         0         0         0         0       
   0         0         0         0         0         0         0         0         0         0         0         0         0         0         20        0         0         0         0         0         0         0         0       
   0         0         0         0         0         0         0         0         0         0         0         0         0         0         0         20        0         0         0         0         0         0         0       
   0         0         0         0         0         0         0         0         0         0         0         0         0         0         0         0         20        0         0         0         0         0         0       
   0         0         0         0         0         0         0         0         0         0         0         0         0         0         0         0         0         20        0         0         0         0         0       
   0         0         0         0         0         0         0         0         0         0         0         0         0         0         0         0         0         0         20        0         0         0         0       
   0         0         0         0         0         0         0         0         0         0         0         0         0         0         0         0         0         0         0         20        0         0         0       
   0         0         0         0         0         0         0         0         0         0         0         0         0         0         0         0         0         0         0         0         20        0         0       
   0         0         0         0         0         0         0         0         0         0         0         0         0         0         0         0         0         0         0         0         0         20        0       
   0         0         0         0         0         0         0         0         0         0         0         0         0         0         0         0         0         0         0         0         0         0         20      

CRB
   0         0         0         0         0         0         0         0         0         0       
   0.00068   0.0013    0.0012   -6.3e-05   0.00034   2.4e-05   1.7e-18  -1.4e-19  -4.3e-19   0.045   
   0.0002    0.00057   0.00037  -2.9e-05   0.00025   1.9e-05  -0.0016   -0.00012   0.0012    0.0075  
   0.0002    0.00056   0.00036  -2.8e-05   0.00024   1.9e-05  -0.0015   -0.00012   0.0011    0.0069  
   0.00011   0.00041   0.0003   -2.3e-05   0.00017   1.3e-05  -0.0011   -8.5e-05   0.00067   0.0041  
   0.00019   9.2e-05   0.00015  -4.1e-05  -1.9e-05  -4.2e-05  -0.00037  -0.0012   -0.00033   0.012   
   0.00018   8.8e-05   0.00015  -4.1e-05  -1.9e-05  -4.6e-05  -0.00036  -0.0012   -0.00038   0.012   
   0.00015   7.5e-05   0.00011  -2.8e-05  -2.4e-05  -5.8e-05  -0.00023  -0.00091  -0.00051   0.0088  
   7.7e-05   3.3e-05   5e-05    -6.5e-07  -7.4e-06  -2.6e-05   9.8e-06  -0.00048  -0.00022   0.005   
   0.00017   0.0001    0.00014   4.9e-05  -2.1e-05   3.6e-05  -0.00052   0.0011   -0.00032   0.012   
   0.00017   9.7e-05   0.00014   4.8e-05  -2.2e-05   3.9e-05  -0.00051   0.0011   -0.00037   0.012   
   0.00014   8e-05     0.0001    3.3e-05  -2.9e-05   5e-05    -0.00033   0.00084  -0.00049   0.0088  
   7.5e-05   3.3e-05   4.8e-05   5.9e-06  -9.3e-06   2.1e-05  -5.5e-05   0.00047  -0.00021   0.005   
   4.2e-05   0.00029   0.00026   4.6e-05   6.7e-05  -1.2e-05   0.0012   -0.00022  -0.00031   0.0058  
   4.1e-05   0.00026   0.00024   4.2e-05   7.1e-05  -1.2e-05   0.0011   -0.0002   -0.00033   0.0052  
   3.3e-05   0.00014   0.00012   1.9e-05   5.8e-05  -9.6e-06   0.00051  -8.7e-05  -0.00026   0.0023  
   6.5e-05   0.00027   0.00027  -8.7e-05   6.3e-05   2.3e-05   0.0012    0.00043  -0.0003    0.0058  
   6.1e-05   0.00024   0.00024  -7.9e-05   6.7e-05   2.4e-05   0.0011    0.00039  -0.00032   0.0052  
   4.3e-05   0.00013   0.00012  -3.8e-05   5.5e-05   2e-05     0.0005    0.00018  -0.00026   0.0023  

QM
   0.045     0         0        -0.00029  -0.003     0.00023  -0.00042   3.1e-05  -0.00023   0.0013   -0.00024   0.00053  -0.00055   0.0013   -6.2e-06   0.00052  -0.00057   0.0005    3.9e-05   7.7e-05   0.0005   -3.9e-05   7.5e-05 
   0         0.045     0         0.0035   -0.00025  -0.002    -2.9e-05  -0.00039  -2e-05     0.00011   0.0011    0.00017  -8.8e-05   0.00011  -0.0012   -5.3e-05  -1.4e-05   4e-05    -0.00049   5.4e-06   4e-05     0.00049   5.6e-06 
   0         0         0.045    -4.1e-05   0.0028   -2.7e-05  -0.00079  -2.5e-06   0.00031  -0.00031  -0.00014   0.00052   0.00023  -0.00027  -0.00011   0.00054   0.00018  -2.5e-05  -4.3e-06   7.3e-05  -2.3e-05   2.5e-06   7.4e-05 
  -0.00029   0.0035   -4.1e-05   0.00083  -9.6e-06   3.2e-05  -2.8e-08  -1.2e-06   1.8e-08   1.6e-06   0.0002   -4.1e-05  -1.3e-05   2.8e-06  -0.00019   4.6e-05   7.4e-06  -4.8e-06  -5.7e-05  -5e-06     4.9e-06   5.6e-05   5.1e-06 
  -0.003    -0.00025   0.0028   -9.6e-06   0.0017   -1.1e-05  -0.0003   -8.8e-09   9.3e-05  -0.00023   3.5e-06  -5.7e-05   5.3e-05  -0.00022   2.2e-06  -5.4e-05   5e-05    -7.4e-05   2.2e-07  -2.6e-05  -7.4e-05   1e-07    -2.6e-05 
   0.00023  -0.002    -2.7e-05   3.2e-05  -1.1e-05   0.0014   -1.1e-08   0.00014   2.1e-08   0.00015  -0.00011   4e-05    -5.2e-05  -0.00014   9.6e-05  -3.5e-05   5.2e-05   2.8e-05  -8.8e-05   3.3e-06  -2.8e-05   8.8e-05  -3.2e-06 
  -0.00042  -2.9e-05  -0.00079  -2.8e-08  -0.0003   -1.1e-08   1         1.4e-08  -4.9e-05   0         0         0         0         0         0         0         0         0         0         0         0         0         0       
   3.1e-05  -0.00039  -2.5e-06  -1.2e-06  -8.8e-09   0.00014   1.4e-08   1         1.4e-10   0         0         0         0         0         0         0         0         0         0         0         0         0         0       
  -0.00023  -2e-05     0.00031   1.8e-08   9.3e-05   2.1e-08  -4.9e-05   1.4e-10   1         0         0         0         0         0         0         0         0         0         0         0         0         0         0       
   0.0013    0.00011  -0.00031   1.6e-06  -0.00023   0.00015   0         0         0         1        -1.7e-05   0.00011  -4.5e-05   0         0         0         0         0         0         0         0         0         0       
  -0.00024   0.0011   -0.00014   0.0002    3.5e-06  -0.00011   0         0         0        -1.7e-05   1         3.3e-08  -1.7e-08   0         0         0         0         0         0         0         0         0         0       
   0.00053   0.00017   0.00052  -4.1e-05  -5.7e-05   4e-05     0         0         0         0.00011   3.3e-08   1         1.7e-05   0         0         0         0         0         0         0         0         0         0       
  -0.00055  -8.8e-05   0.00023  -1.3e-05   5.3e-05  -5.2e-05   0         0         0        -4.5e-05  -1.7e-08   1.7e-05   1         0         0         0         0         0         0         0         0         0         0       
   0.0013    0.00011  -0.00027   2.8e-06  -0.00022  -0.00014   0         0         0         0         0         0         0         1        -1.1e-05   0.0001   -4.6e-05   0         0         0         0         0         0       
  -6.2e-06  -0.0012   -0.00011  -0.00019   2.2e-06   9.6e-05   0         0         0         0         0         0         0        -1.1e-05   1        -3.1e-08   1.8e-08   0         0         0         0         0         0       
   0.00052  -5.3e-05   0.00054   4.6e-05  -5.4e-05  -3.5e-05   0         0         0         0         0         0         0         0.0001   -3.1e-08   1         1.6e-05   0         0         0         0         0         0       
  -0.00057  -1.4e-05   0.00018   7.4e-06   5e-05     5.2e-05   0         0         0         0         0         0         0        -4.6e-05   1.8e-08   1.6e-05   1         0         0         0         0         0         0       
   0.0005    4e-05    -2.5e-05  -4.8e-06  -7.4e-05   2.8e-05   0         0         0         0         0         0         0         0         0         0         0         1        -4.3e-08   1.3e-05   0         0         0       
   3.9e-05  -0.00049  -4.3e-06  -5.7e-05   2.2e-07  -8.8e-05   0         0         0         0         0         0         0         0         0         0         0        -4.3e-08   1        -1.2e-08   0         0         0       
   7.7e-05   5.4e-06   7.3e-05  -5e-06    -2.6e-05   3.3e-06   0         0         0         0         0         0         0         0         0         0         0         1.3e-05  -1.2e-08   1         0         0         0       
   0.0005    4e-05    -2.3e-05   4.9e-06  -7.4e-05  -2.8e-05   0         0         0         0         0         0         0         0         0         0         0         0         0         0         1        -1e-08     1.3e-05 
  -3.9e-05   0.00049   2.5e-06   5.6e-05   1e-07     8.8e-05   0         0         0         0         0         0         0         0         0         0         0         0         0         0        -1e-08     1         1.2e-08 
   7.5e-05   5.6e-06   7.4e-05   5.1e-06  -2.6e-05  -3.2e-06   0         0         0         0         0         0         0         0         0         0         0         0         0         0         1.3e-05   1.2e-08   1       

QLD
   0.039     0.043     0.12     -0.38     -1.7       0.16     -0.00042   3.1e-05  -0.00023   0.0013   -0.00024   0.00053  -0.00055   0.0013   -6.2e-06   0.00052  -0.00057   0.0005    3.9e-05   7.7e-05   0.0005   -3.9e-05   7.5e-05 
   0.043     0.027     0.012     4.3      -0.16     -1.4      -2.9e-05  -0.00039  -2e-05     0.00011   0.0011    0.00017  -8.8e-05   0.00011  -0.0012   -5.3e-05  -1.4e-05   4e-05    -0.00049   5.4e-06   4e-05     0.00049   5.6e-06 
   0.12      0.012     0.04     -0.031     1.6      -0.019    -0.00079  -2.5e-06   0.00031  -0.00031  -0.00014   0.00052   0.00023  -0.00027  -0.00011   0.00054   0.00018  -2.5e-05  -4.3e-06   7.3e-05  -2.3e-05   2.5e-06   7.4e-05 
  -0.38      4.3      -0.031     0.00083  -0.0054    0.023    -2.8e-08  -1.2e-06   1.8e-08   1.6e-06   0.0002   -4.1e-05  -1.3e-05   2.8e-06  -0.00019   4.6e-05   7.4e-06  -4.8e-06  -5.7e-05  -5e-06     4.9e-06   5.6e-05   5.1e-06 
  -1.7      -0.16      1.6      -0.0054    0.0017   -0.0075   -0.0003   -8.8e-09   9.3e-05  -0.00023   3.5e-06  -5.7e-05   5.3e-05  -0.00022   2.2e-06  -5.4e-05   5e-05    -7.4e-05   2.2e-07  -2.6e-05  -7.4e-05   1e-07    -2.6e-05 
   0.16     -1.4      -0.019     0.023    -0.0075    0.0014   -1.1e-08   0.00014   2.1e-08   0.00015  -0.00011   4e-05    -5.2e-05  -0.00014   9.6e-05  -3.5e-05   5.2e-05   2.8e-05  -8.8e-05   3.3e-06  -2.8e-05   8.8e-05  -3.2e-06 
  -0.00042  -2.9e-05  -0.00079  -2.8e-08  -0.0003   -1.1e-08   1         1.4e-08  -4.9e-05   0         0         0         0         0         0         0         0         0         0         0         0         0         0       
   3.1e-05  -0.00039  -2.5e-06  -1.2e-06  -8.8e-09   0.00014   1.4e-08   1         1.4e-10   0         0         0         0         0         0         0         0         0         0         0         0         0         0       
  -0.00023  -2e-05     0.00031   1.8e-08   9.3e-05   2.1e-08  -4.9e-05   1.4e-10   1         0         0         0         0         0         0         0         0         0         0         0         0         0         0       
   0.0013    0.00011  -0.00031   1.6e-06  -0.00023   0.00015   0         0         0         1        -1.7e-05   0.00011  -4.5e-05   0         0         0         0         0         0         0         0         0         0       
  -0.00024   0.0011   -0.00014   0.0002    3.5e-06  -0.00011   0         0         0        -1.7e-05   1         3.3e-08  -1.7e-08   0         0         0         0         0         0         0         0         0         0       
   0.00053   0.00017   0.00052  -4.1e-05  -5.7e-05   4e-05     0         0         0         0.00011   3.3e-08   1         1.7e-05   0         0         0         0         0         0         0         0         0         0       
  -0.00055  -8.8e-05   0.00023  -1.3e-05   5.3e-05  -5.2e-05   0         0         0        -4.5e-05  -1.7e-08   1.7e-05   1         0         0         0         0         0         0         0         0         0         0       
   0.0013    0.00011  -0.00027   2.8e-06  -0.00022  -0.00014   0         0         0         0         0         0         0         1        -1.1e-05   0.0001   -4.6e-05   0         0         0         0         0         0       
  -6.2e-06  -0.0012   -0.00011  -0.00019   2.2e-06   9.6e-05   0         0         0         0         0         0         0        -1.1e-05   1        -3.1e-08   1.8e-08   0         0         0         0         0         0       
   0.00052  -5.3e-05   0.00054   4.6e-05  -5.4e-05  -3.5e-05   0         0         0         0         0         0         0         0.0001   -3.1e-08   1         1.6e-05   0         0         0         0         0         0       
  -0.00057  -1.4e-05   0.00018   7.4e-06   5e-05     5.2e-05   0         0         0         0         0         0         0        -4.6e-05   1.8e-08   1.6e-05   1         0         0         0         0         0         0       
   0.0005    4e-05    -2.5e-05  -4.8e-06  -7.4e-05   2.8e-05   0         0         0         0         0         0         0         0         0         0         0         1        -4.3e-08   1.3e-05   0         0         0       
   3.9e-05  -0.00049  -4.3e-06  -5.7e-05   2.2e-07  -8.8e-05   0         0         0         0         0         0         0         0         0         0         0        -4.3e-08   1        -1.2e-08   0         0         0       
   7.7e-05   5.4e-06   7.3e-05  -5e-06    -2.6e-05   3.3e-06   0         0         0         0         0         0         0         0         0         0         0         1.3e-05  -1.2e-08   1         0         0         0       
   0.0005    4e-05    -2.3e-05   4.9e-06  -7.4e-05  -2.8e-05   0         0         0         0         0         0         0         0         0         0         0         0         0         0         1        -1e-08     1.3e-05 
  -3.9e-05   0.00049   2.5e-06   5.6e-05   1e-07     8.8e-05   0         0         0         0         0         0         0         0         0         0         0         0         0         0        -1e-08     1         1.2e-08 
   7.5e-05   5.6e-06   7.4e-05   5.1e-06  -2.6e-05  -3.2e-06   0         0         0         0         0         0         0         0         0         0         0         0         0         0         1.3e-05   1.2e-08   1       

QLDIAGINV
   26      
   38      
   25      
   1.2e+03 
   5.8e+02 
   7e+02   
   1       
   1       
   1       
   1       
   1       
   1       
   1       
   1       
   1       
   1       
   1       
   1       
   1       
   1       
   1       
   1       
   1       

QLDIAGSQRTINV
   5.1     
   6.1     
   5       
   35      
   24      
   27      
   1       
   1       
   1       
   1       
   1       
   1       
   1       
   1       
   1       
   1       
   1       
   1       
   1       
   1       
   1       
   1       
   1       

D_rownnz              23 23 23 23 23 23 9 9 9 10 10 10 10 10 10 10 10 9 9 9 9 9 9

D_rowadr              0 23 46 69 92 115 138 147 156 165 175 185 195 205 215 225 235 245 254 263 272 281 290

D_colind              0 1 2 3 4 5 6 7 8 9 10 11 12 13 14 15 16 17 18 19 20 21 22 0 1 2 3 4 5 6 7 8 9 10 11 12 13 14 15 16 17 18 19 20 21 22 0 1 2 3 4 5 6 7 8 9 10 11 12 13 14 15 16 17 18 19 20 21 22 0 1 2 3 4 5 6 7 8 9 10 11 12 13 14 15 16 17 18 19 20 21 22 0 1 2 3 4 5 6 7 8 9 10 11 12 13 14 15 16 17 18 19 20 21 22 0 1 2 3 4 5 6 7 8 9 10 11 12 13 14 15 16 17 18 19 20 21 22 0 1 2 3 4 5 6 7 8 0 1 2 3 4 5 6 7 8 0 1 2 3 4 5 6 7 8 0 1 2 3 4 5 9 10 11 12 0 1 2 3 4 5 9 10 11 12 0 1 2 3 4 5 9 10 11 12 0 1 2 3 4 5 9 10 11 12 0 1 2 3 4 5 13 14 15 16 0 1 2 3 4 5 13 14 15 16 0 1 2 3 4 5 13 14 15 16 0 1 2 3 4 5 13 14 15 16 0 1 2 3 4 5 17 18 19 0 1 2 3 4 5 17 18 19 0 1 2 3 4 5 17 18 19 0 1 2 3 4 5 20 21 22 0 1 2 3 4 5 20 21 22 0 1 2 3 4 5 20 21 22

B_rownnz              23 23 9 9 9 10 10 10 10 10 10 10 10 9 9 9 9 9 9

B_rowadr              0 23 46 55 64 73 83 93 103 113 123 133 143 153 162 171 180 189 198

B_colind              0 1 2 3 4 5 6 7 8 9 10 11 12 13 14 15 16 17 18 19 20 21 22 0 1 2 3 4 5 6 7 8 9 10 11 12 13 14 15 16 17 18 19 20 21 22 0 1 2 3 4 5 6 7 8 0 1 2 3 4 5 6 7 8 0 1 2 3 4 5 6 7 8 0 1 2 3 4 5 9 10 11 12 0 1 2 3 4 5 9 10 11 12 0 1 2 3 4 5 9 10 11 12 0 1 2 3 4 5 9 10 11 12 0 1 2 3 4 5 13 14 15 16 0 1 2 3 4 5 13 14 15 16 0 1 2 3 4 5 13 14 15 16 0 1 2 3 4 5 13 14 15 16 0 1 2 3 4 5 17 18 19 0 1 2 3 4 5 17 18 19 0 1 2 3 4 5 17 18 19 0 1 2 3 4 5 20 21 22 0 1 2 3 4 5 20 21 22 0 1 2 3 4 5 20 21 22

QDERIV
   0         0         0         0         0         0         0         0         0         0         0         0         0         0         0         0         0         0         0         0         0         0         0       
   0         0         0         0         0         0         0         0         0         0         0         0         0         0         0         0         0         0         0         0         0         0         0       
   0         0         0         0         0         0         0         0         0         0         0         0         0         0         0         0         0         0         0         0         0         0         0       
   0         0         0         0         0         0         0         0         0         0         0         0         0         0         0         0         0         0         0         0         0         0         0       
   0         0         0         0         0         0         0         0         0         0         0         0         0         0         0         0         0         0         0         0         0         0         0       
   0         0         0         0         0         0         0         0         0         0         0         0         0         0         0         0         0         0         0         0         0         0         0       
   0         0         0         0         0         0         0         0         0         0         0         0         0         0         0         0         0         0         0         0         0         0         0       
   0         0         0         0         0         0         0         0         0         0         0         0         0         0         0         0         0         0         0         0         0         0         0       
   0         0         0         0         0         0         0         0         0         0         0         0         0         0         0         0         0         0         0         0         0         0         0       
   0         0         0         0         0         0         0         0         0         0         0         0         0         0         0         0         0         0         0         0         0         0         0       
   0         0         0         0         0         0         0         0         0         0         0         0         0         0         0         0         0         0         0         0         0         0         0       
   0         0         0         0         0         0         0         0         0         0         0         0         0         0         0         0         0         0         0         0         0         0         0       
   0         0         0         0         0         0         0         0         0         0         0         0         0         0         0         0         0         0         0         0         0         0         0       
   0         0         0         0         0         0         0         0         0         0         0         0         0         0         0         0         0         0         0         0         0         0         0       
   0         0         0         0         0         0         0         0         0         0         0         0         0         0         0         0         0         0         0         0         0         0         0       
   0         0         0         0         0         0         0         0         0         0         0         0         0         0         0         0         0         0         0         0         0         0         0       
   0         0         0         0         0         0         0         0         0         0         0         0         0         0         0         0         0         0         0         0         0         0         0       
   0         0         0         0         0         0         0         0         0         0         0         0         0         0         0         0         0         0         0         0         0         0         0       
   0         0         0         0         0         0         0         0         0         0         0         0         0         0         0         0         0         0         0         0         0         0         0       
   0         0         0         0         0         0         0         0         0         0         0         0         0         0         0         0         0         0         0         0         0         0         0       
   0         0         0         0         0         0         0         0         0         0         0         0         0         0         0         0         0         0         0         0         0         0         0       
   0         0         0         0         0         0         0         0         0         0         0         0         0         0         0         0         0         0         0         0         0         0         0       
   0         0         0         0         0         0         0         0         0         0         0         0         0         0         0         0         0         0         0         0         0         0         0       

QLU
   0         0         0         0         0         0         0         0         0         0         0         0         0         0         0         0         0         0         0         0         0         0         0       
   0         0         0         0         0         0         0         0         0         0         0         0         0         0         0         0         0         0         0         0         0         0         0       
   0         0         0         0         0         0         0         0         0         0         0         0         0         0         0         0         0         0         0         0         0         0         0       
   0         0         0         0         0         0         0         0         0         0         0         0         0         0         0         0         0         0         0         0         0         0         0       
   0         0         0         0         0         0         0         0         0         0         0         0         0         0         0         0         0         0         0         0         0         0         0       
   0         0         0         0         0         0         0         0         0         0         0         0         0         0         0         0         0         0         0         0         0         0         0       
   0         0         0         0         0         0         0         0         0         0         0         0         0         0         0         0         0         0         0         0         0         0         0       
   0         0         0         0         0         0         0         0         0         0         0         0         0         0         0         0         0         0         0         0         0         0         0       
   0         0         0         0         0         0         0         0         0         0         0         0         0         0         0         0         0         0         0         0         0         0         0       
   0         0         0         0         0         0         0         0         0         0         0         0         0         0         0         0         0         0         0         0         0         0         0       
   0         0         0         0         0         0         0         0         0         0         0         0         0         0         0         0         0         0         0         0         0         0         0       
   0         0         0         0         0         0         0         0         0         0         0         0         0         0         0         0         0         0         0         0         0         0         0       
   0         0         0         0         0         0         0         0         0         0         0         0         0         0         0         0         0         0         0         0         0         0         0       
   0         0         0         0         0         0         0         0         0         0         0         0         0         0         0         0         0         0         0         0         0         0         0       
   0         0         0         0         0         0         0         0         0         0         0         0         0         0         0         0         0         0         0         0         0         0         0       
   0         0         0         0         0         0         0         0         0         0         0         0         0         0         0         0         0         0         0         0         0         0         0       
   0         0         0         0         0         0         0         0         0         0         0         0         0         0         0         0         0         0         0         0         0         0         0       
   0         0         0         0         0         0         0         0         0         0         0         0         0         0         0         0         0         0         0         0         0         0         0       
   0         0         0         0         0         0         0         0         0         0         0         0         0         0         0         0         0         0         0         0         0         0         0       
   0         0         0         0         0         0         0         0         0         0         0         0         0         0         0         0         0         0         0         0         0         0         0       
   0         0         0         0         0         0         0         0         0         0         0         0         0         0         0         0         0         0         0         0         0         0         0       
   0         0         0         0         0         0         0         0         0         0         0         0         0         0         0         0         0         0         0         0         0         0         0       
   0         0         0         0         0         0         0         0         0         0         0         0         0         0         0         0         0         0         0         0         0         0         0       

CONTACT
  0:
     dim           3
     gfev          0 -1 -1 -1 : 7 -1 -1 -1
     exclude       0
     efc_address   0
     solref         0.02      1       
     solimp         0.9       0.95      0.001     0.5       2       
     dist           0.0099  
     includemargin  0.01    
     pos           -0.18     -0.13      0.0049  
     frame          0         0         1         0         1         0        -1         0         0       
     friction       1         1         0.5       0.5       0.5     
     mu             1       
  1:
     dim           3
     gfev          0 -1 -1 -1 : 8 -1 -1 -1
     exclude       0
     efc_address   4
     solref         0.02      1       
     solimp         0.9       0.95      0.001     0.5       2       
     dist           0.0098  
     includemargin  0.01    
     pos           -0.18     -0.13      0.0049  
     frame          0         0         1         0         1         0        -1         0         0       
     friction       1         1         0.5       0.5       0.5     
     mu             1       
  2:
     dim           3
     gfev          0 -1 -1 -1 : 11 -1 -1 -1
     exclude       0
     efc_address   8
     solref         0.02      1       
     solimp         0.9       0.95      0.001     0.5       2       
     dist           0.0098  
     includemargin  0.01    
     pos           -0.19      0.089     0.0049  
     frame          0         0         1         0         1         0        -1         0         0       
     friction       1         1         0.5       0.5       0.5     
     mu             1       
  3:
     dim           3
     gfev          0 -1 -1 -1 : 12 -1 -1 -1
     exclude       0
     efc_address   12
     solref         0.02      1       
     solimp         0.9       0.95      0.001     0.5       2       
     dist           0.0098  
     includemargin  0.01    
     pos           -0.19      0.09      0.0049  
     frame          0         0         1         0         1         0        -1         0         0       
     friction       1         1         0.5       0.5       0.5     
     mu             1       
  4:
     dim           3
     gfev          0 -1 -1 -1 : 15 -1 -1 -1
     exclude       0
     efc_address   16
     solref         0.02      1       
     solimp         0.9       0.95      0.001     0.5       2       
     dist           0.0099  
     includemargin  0.01    
     pos            0.12     -0.049     0.0049  
     frame          0         0         1         0         1         0        -1         0         0       
     friction       1         1         0.5       0.5       0.5     
     mu             1       

EFC_TYPE
  6
  6
  6
  6
  6
  6
  6
  6
  6
  6
  6
  6
  6
  6
  6
  6
  6
  6
  6
  6

EFC_ID
  0
  0
  0
  0
  1
  1
  1
  1
  2
  2
  2
  2
  3
  3
  3
  3
  4
  4
  4
  4

EFC_J
   0         1         1         0.13      0.093    -0.075     0         0         0        -0.017     0.17      0.081     0         0         0         0         0         0         0         0         0         0         0       
   0        -1         1        -0.36      0.13      0.023     0         0         0        -0.057    -0.22      0.0018    0         0         0         0         0         0         0         0         0         0         0       
  -1         0         1        -0.068     0.34     -0.14      0         0         0        -0.28      0.018    -0.12      0         0         0         0         0         0         0         0         0         0         0       
   1         0         1        -0.16     -0.12      0.093     0         0         0         0.21     -0.064     0.21      0         0         0         0         0         0         0         0         0         0         0       
   0         1         1         0.13      0.092    -0.075     0         0         0        -0.017     0.17      0.082     0.0021    0         0         0         0         0         0         0         0         0         0       
   0        -1         1        -0.36      0.13      0.023     0         0         0        -0.057    -0.22      0.002    -0.002     0         0         0         0         0         0         0         0         0         0       
  -1         0         1        -0.067     0.34     -0.14      0         0         0        -0.28      0.018    -0.12     -0.0096    0         0         0         0         0         0         0         0         0         0       
   1         0         1        -0.16     -0.12      0.092     0         0         0         0.21     -0.063     0.21      0.0098    0         0         0         0         0         0         0         0         0         0       
   0         1         1         0.35      0.082    -0.033     0         0         0         0         0         0         0        -0.0064   -0.21      0.046     0         0         0         0         0         0         0       
   0        -1         1        -0.14      0.12      0.079     0         0         0         0         0         0         0        -0.046     0.18      0.057     0         0         0         0         0         0         0       
  -1         0         1         0.1       0.33      0.12      0         0         0         0         0         0         0        -0.27     -0.017    -0.12      0         0         0         0         0         0         0       
   1         0         1         0.11     -0.13     -0.076     0         0         0         0         0         0         0         0.22     -0.018     0.22      0         0         0         0         0         0         0       
   0         1         1         0.35      0.082    -0.033     0         0         0         0         0         0         0        -0.0067   -0.22      0.045    -0.00018   0         0         0         0         0         0       
   0        -1         1        -0.14      0.12      0.079     0         0         0         0         0         0         0        -0.046     0.18      0.057    -9.5e-05   0         0         0         0         0         0       
  -1         0         1         0.1       0.33      0.12      0         0         0         0         0         0         0        -0.27     -0.017    -0.12     -0.01      0         0         0         0         0         0       
   1         0         1         0.11     -0.13     -0.077     0         0         0         0         0         0         0         0.22     -0.019     0.22      0.0098    0         0         0         0         0         0       
   0         1         1         0.13     -0.21      0.23      0         0         0         0         0         0         0         0         0         0         0         0.062    -0.18      0.078     0         0         0       
   0        -1         1        -0.23     -0.18     -0.26      0         0         0         0         0         0         0         0         0         0         0         0.031     0.18      0.066     0         0         0       
  -1         0         1        -0.027     0.034    -0.047     0         0         0         0         0         0         0         0         0         0         0        -0.15     -0.016    -0.013     0         0         0       
   1         0         1        -0.081    -0.42      0.025     0         0         0         0         0         0         0         0         0         0         0         0.24      0.013     0.16      0         0         0       

EFC_POS
   0.0099  
   0.0099  
   0.0099  
   0.0099  
   0.0098  
   0.0098  
   0.0098  
   0.0098  
   0.0098  
   0.0098  
   0.0098  
   0.0098  
   0.0098  
   0.0098  
   0.0098  
   0.0098  
   0.0099  
   0.0099  
   0.0099  
   0.0099  

EFC_MARGIN
   0.01    
   0.01    
   0.01    
   0.01    
   0.01    
   0.01    
   0.01    
   0.01    
   0.01    
   0.01    
   0.01    
   0.01    
   0.01    
   0.01    
   0.01    
   0.01    
   0.01    
   0.01    
   0.01    
   0.01    

EFC_FRICTIONLOSS
   0       
   0       
   0       
   0       
   0       
   0       
   0       
   0       
   0       
   0       
   0       
   0       
   0       
   0       
   0       
   0       
   0       
   0       
   0       
   0       

EFC_DIAGAPPROX
   1.5e+02 
   1.5e+02 
   1.5e+02 
   1.5e+02 
   1.6e+02 
   1.6e+02 
   1.6e+02 
   1.6e+02 
   1.5e+02 
   1.5e+02 
   1.5e+02 
   1.5e+02 
   1.6e+02 
   1.6e+02 
   1.6e+02 
   1.6e+02 
   2.3e+02 
   2.3e+02 
   2.3e+02 
   2.3e+02 

EFC_KBIP
   2.8e+03   1.1e+02   0.9      -25      
   2.8e+03   1.1e+02   0.9      -25      
   2.8e+03   1.1e+02   0.9      -25      
   2.8e+03   1.1e+02   0.9      -25      
   2.8e+03   1.1e+02   0.9      -32      
   2.8e+03   1.1e+02   0.9      -32      
   2.8e+03   1.1e+02   0.9      -32      
   2.8e+03   1.1e+02   0.9      -32      
   2.8e+03   1.1e+02   0.9      -37      
   2.8e+03   1.1e+02   0.9      -37      
   2.8e+03   1.1e+02   0.9      -37      
   2.8e+03   1.1e+02   0.9      -37      
   2.8e+03   1.1e+02   0.9      -33      
   2.8e+03   1.1e+02   0.9      -33      
   2.8e+03   1.1e+02   0.9      -33      
   2.8e+03   1.1e+02   0.9      -33      
   2.8e+03   1.1e+02   0.9      -21      
   2.8e+03   1.1e+02   0.9      -21      
   2.8e+03   1.1e+02   0.9      -21      
   2.8e+03   1.1e+02   0.9      -21      

EFC_D
   0.059   
   0.059   
   0.059   
   0.059   
   0.059   
   0.059   
   0.059   
   0.059   
   0.06    
   0.06    
   0.06    
   0.06    
   0.059   
   0.059   
   0.059   
   0.059   
   0.039   
   0.039   
   0.039   
   0.039   

EFC_R
   17      
   17      
   17      
   17      
   17      
   17      
   17      
   17      
   17      
   17      
   17      
   17      
   17      
   17      
   17      
   17      
   26      
   26      
   26      
   26      

ACTUATOR_VELOCITY
  -0.32    
   0.0021  
  -0.16    
   0.23    
  -0.09    
   0.79    
   0.56    
   0.25    
  -0.084   
   0.89    
   0.54    
   0.096   
  -0.0027  
   0.1     
  -0.064   
  -0.014   
  -0.031   

CVEL
   0         0         0         0         0         0       
  -0.003    -0.0031    0.0043   -0.0099   -0.00029  -0.0015  
  -0.0043    0.013     0.0044   -0.012    -0.00042  -0.0033  
  -0.0043    0.013     0.0045   -0.012    -0.00041  -0.0033  
  -0.0037    0.0049    0.0044   -0.0098   -0.00028  -0.0017  
  -0.002    -0.015     0.0042   -0.0089   -0.00022  -0.0014  
  -0.0051   -0.015     0.0074   -0.0091   -0.00045  -0.0017  
   0.003    -0.053     0.012    -0.0095   -2.3e-05   0.0025  
   0.0087   -0.081     0.015    -0.014    -0.00078   0.0043  
  -0.002    -0.016     0.0042   -0.0088   -0.00021  -0.0014  
   0.0011   -0.015     0.0013   -0.0091   -1.4e-05  -0.0016  
   0.00082  -0.06     -0.0029   -0.0093   -0.00042   0.0027  
   0.00067  -0.087    -0.0054   -0.014    -0.00052   0.004   
  -0.0026   -0.0079    0.0043   -0.0097   -0.00027  -0.0026  
  -0.0025   -0.0079    0.0042   -0.0097   -0.00026  -0.0026  
  -0.002    -0.013     0.0042   -0.01     -0.00029  -0.0035  
  -0.0032    8.3e-05   0.0043   -0.01     -0.00031  -0.00087 
  -0.0039    2.9e-05   0.0045   -0.01     -0.00036  -0.00083 
  -0.004     0.0016    0.0045   -0.0098   -0.00035  -0.00055 

CDOF_DOT
   0         0         0         0         0         0       
   0         0         0         0         0         0       
   0         0         0         0         0         0       
  -0         0         0         7.2e-05  -0.0035   -0.00096 
   0        -0         0         0.0014    0.00017  -0.01    
   0         0         0         0.00018   0.0096   -0.00015 
   0.0043    0.00032   0.0032   -0.0019    0.00057   0.01    
   0.011     0.00086   0.0079   -0.0006    0.011     0.00026 
  -0.0044   -0.00033  -0.0033    0.00087  -0.0014   -0.0087  
   0.0043    0.00032   0.0032   -0.0016    0.00021   0.01    
   0.01      0.0014    0.01     -0.00082  -0.007     0.00032 
   0.0055    0.0021    0.0081   -0.0033    0.0012    0.0088  
   0.0055    0.0021    0.0081   -0.00064  -0.00054   0.0004  
   0.0043    0.00032   0.0032   -0.0016    0.00021   0.01    
  -0.011    -0.0016   -0.011    -0.00098   0.0075    0.0015  
   0.0027    9.2e-05  -0.0011   -0.0032   -0.00095   0.0089  
   0.0027    9.2e-05  -0.0011   -9.3e-05  -0.00046  -0.00041 
   0.0043    0.00032   0.0032   -0.0009   -0.00067   0.01    
  -0.0014   -0.0035   -0.0075    0.00051   0.0045    0.00066 
   0.0043    0.00031   0.0031   -0.0011   -0.0011    0.0091  
   0.0043    0.00032   0.0032   -0.0009   -0.00067   0.01    
  -0.00036   0.0035   -0.00033  -0.00021  -0.0034   -0.00074 
   0.0044    0.00034   0.0039   -0.00081  -0.0012    0.01    

QFRC_BIAS
  -4.6e-06 
   4.3e-07 
   0.44    
  -0.0004  
   0.027   
  -0.00027 
  -0.0078  
  -2.4e-05 
   0.0031  
  -0.003   
  -0.0013  
   0.0051  
   0.0023  
  -0.0026  
  -0.0011  
   0.0053  
   0.0018  
  -0.00025 
  -4.2e-05 
   0.00071 
  -0.00022 
   2.5e-05 
   0.00073 

QFRC_SPRING
   0       
   0       
   0       
   0       
   0       
   0       
   0       
   0       
   0       
   0       
   0       
   0       
   0       
   0       
   0       
   0       
   0       
   0       
   0       
   0       
   0       
   0       
   0       

QFRC_DAMPER
   0       
   0       
   0       
   0       
   0       
   0       
   0.0016  
  -1.1e-05 
   0.00081 
  -0.0012  
   0.00045 
  -0.0039  
  -0.0028  
  -0.0013  
   0.00042 
  -0.0044  
  -0.0027  
  -0.00048 
   1.4e-05 
  -0.00052 
   0.00032 
   6.9e-05 
   0.00016 

QFRC_GRAVCOMP
   0       
   0       
   0       
   0       
   0       
   0       
   0       
   0       
   0       
   0       
   0       
   0       
   0       
   0       
   0       
   0       
   0       
   0       
   0       
   0       
   0       
   0       
   0       

QFRC_FLUID
   0       
   0       
   0       
   0       
   0       
   0       
   0       
   0       
   0       
   0       
   0       
   0       
   0       
   0       
   0       
   0       
   0       
   0       
   0       
   0       
   0       
   0       
   0       

QFRC_PASSIVE
   0       
   0       
   0       
   0       
   0       
   0       
   0.0016  
  -1.1e-05 
   0.00081 
  -0.0012  
   0.00045 
  -0.0039  
  -0.0028  
  -0.0013  
   0.00042 
  -0.0044  
  -0.0027  
  -0.00048 
   1.4e-05 
  -0.00052 
   0.00032 
   6.9e-05 
   0.00016 

EFC_VEL
  -3.6e-05 
   1.4e-05 
  -0.00073 
   0.00071 
   3.2e-05 
  -3.6e-05 
  -0.00099 
   0.00099 
  -0.00015 
   0.00016 
  -0.00071 
   0.00072 
  -0.00017 
   0.00014 
  -0.001   
   0.00097 
   0.00043 
  -0.0005  
   0.0078  
  -0.0079  

EFC_AREF
   0.31    
   0.3     
   0.38    
   0.23    
   0.39    
   0.4     
   0.5     
   0.29    
   0.47    
   0.44    
   0.53    
   0.38    
   0.43    
   0.39    
   0.51    
   0.31    
   0.22    
   0.32    
  -0.55    
   1.1     

SUBTREE_LINVEL
   0         0         0       
   0         0         0       
   0         0         0       
   0         0         0       
   0         0         0       
   0         0         0       
   0         0         0       
   0         0         0       
   0         0         0       
   0         0         0       
   0         0         0       
   0         0         0       
   0         0         0       
   0         0         0       
   0         0         0       
   0         0         0       
   0         0         0       
   0         0         0       
   0         0         0       

SUBTREE_ANGMOM
   0         0         0       
   0         0         0       
   0         0         0       
   0         0         0       
   0         0         0       
   0         0         0       
   0         0         0       
   0         0         0       
   0         0         0       
   0         0         0       
   0         0         0       
   0         0         0       
   0         0         0       
   0         0         0       
   0         0         0       
   0         0         0       
   0         0         0       
   0         0         0       
   0         0         0       

ACTUATOR_FORCE
   0       
   0       
   0       
   0       
   0       
   0       
   0       
   0       
   0       
   0       
   0       
   0       
   0       
   0       
   0       
   0       
   0       

QFRC_ACTUATOR
   0       
   0       
   0       
   0       
   0       
   0       
   0       
   0       
   0       
   0       
   0       
   0       
   0       
   0       
   0       
   0       
   0       
   0       
   0       
   0       
   0       
   0       
   0       

QFRC_SMOOTH
   4.6e-06 
  -4.3e-07 
  -0.44    
   0.0004  
  -0.027   
   0.00027 
   0.0094  
   1.4e-05 
  -0.0023  
   0.0018  
   0.0018  
  -0.0091  
  -0.0051  
   0.0014  
   0.0015  
  -0.0097  
  -0.0045  
  -0.00023 
   5.6e-05 
  -0.0012  
   0.00054 
   4.4e-05 
  -0.00058 

QACC_SMOOTH
   0.00019 
   5.8e-06 
  -9.8     
  -8.4e-05 
  -0.00051 
   3.9e-05 
   0.0016  
  -1.1e-05 
   0.00081 
  -0.0012  
   0.00045 
  -0.0039  
  -0.0028  
  -0.0013  
   0.00042 
  -0.0044  
  -0.0027  
  -0.00048 
   1.4e-05 
  -0.00052 
   0.00032 
   6.9e-05 
   0.00016 

EFC_B
  -10      
  -10      
  -10      
  -10      
  -10      
  -10      
  -10      
  -10      
  -10      
  -10      
  -10      
  -10      
  -10      
  -10      
  -10      
  -10      
  -10      
  -10      
  -9.3     
  -11      

EFC_FORCE
   0.018   
   0.018   
   0.023   
   0.014   
   0.023   
   0.024   
   0.029   
   0.017   
   0.029   
   0.027   
   0.032   
   0.023   
   0.025   
   0.023   
   0.03    
   0.018   
   0.0087  
   0.013   
   0       
   0.043   

EFC_STATE
  1
  1
  1
  1
  1
  1
  1
  1
  1
  1
  1
  1
  1
  1
  1
  1
  1
  1
  0
  1

QFRC_CONSTRAINT
   0.00011 
   5e-06   
   0.44    
  -0.00041 
   0.027   
  -0.00027 
   0       
   0       
   0       
  -0.011   
  -0.0029  
   0.0035  
  -0.00011 
  -0.011   
  -0.0045  
   0.007   
  -0.00014 
   0.011   
   0.0012  
   0.0082  
   0       
   0       
   0       

QFRC_INVERSE
   0       
   0       
   0       
   0       
   0       
   0       
   0       
   0       
   0       
   0       
   0       
   0       
   0       
   0       
   0       
   0       
   0       
   0       
   0       
   0       
   0       
   0       
   0       

CACC
   0         0         0         0         0         0       
   0         0         0         0         0         0       
   0         0         0         0         0         0       
   0         0         0         0         0         0       
   0         0         0         0         0         0       
   0         0         0         0         0         0       
   0         0         0         0         0         0       
   0         0         0         0         0         0       
   0         0         0         0         0         0       
   0         0         0         0         0         0       
   0         0         0         0         0         0       
   0         0         0         0         0         0       
   0         0         0         0         0         0       
   0         0         0         0         0         0       
   0         0         0         0         0         0       
   0         0         0         0         0         0       
   0         0         0         0         0         0       
   0         0         0         0         0         0       
   0         0         0         0         0         0       

CFRC_INT
   0         0         0         0         0         0       
   0         0         0         0         0         0       
   0         0         0         0         0         0       
   0         0         0         0         0         0       
   0         0         0         0         0         0       
   0         0         0         0         0         0       
   0         0         0         0         0         0       
   0         0         0         0         0         0       
   0         0         0         0         0         0       
   0         0         0         0         0         0       
   0         0         0         0         0         0       
   0         0         0         0         0         0       
   0         0         0         0         0         0       
   0         0         0         0         0         0       
   0         0         0         0         0         0       
   0         0         0         0         0         0       
   0         0         0         0         0         0       
   0         0         0         0         0         0       
   0         0         0         0         0         0       

CFRC_EXT
   0         0         0         0         0         0       
   0         0         0         0         0         0       
   0         0         0         0         0         0       
   0         0         0         0         0         0       
   0         0         0         0         0         0       
   0         0         0         0         0         0       
   0         0         0         0         0         0       
   0         0         0         0         0         0       
   0         0         0         0         0         0       
   0         0         0         0         0         0       
   0         0         0         0         0         0       
   0         0         0         0         0         0       
   0         0         0         0         0         0       
   0         0         0         0         0         0       
   0         0         0         0         0         0       
   0         0         0         0         0         0       
   0         0         0         0         0         0       
   0         0         0         0         0         0       
   0         0         0         0         0         0       

